d=556r66

8
