a=75633
h=87362
j=73653
o='837'
hdf="rjsgs"

